                -60.4193486867
          0.000000677      -0.000000326       0.000000000
         -0.000000326       0.000000399       0.000000000
          0.000000000       0.000000000      -0.000000046
           8
  1     6       0.000616896      -0.000113729       0.000000010  C-gga
  1     6      -0.000314875      -0.000078771      -0.000000014  C-gga
  2     8      -0.000535331      -0.000323027       0.000000009  O-gga
  3     1       0.000332708      -0.000486603       0.000109106  H-gga
  3     1       0.000332717      -0.000486589      -0.000109109  H-gga
  3     1      -0.000806207       0.000870815      -0.000000002  H-gga
  3     1      -0.000132295      -0.000244624       0.000193566  H-gga
  3     1      -0.000132296      -0.000244620      -0.000193566  H-gga
